9.9006 0.989085
9.8012 0.978095
9.70182 0.966976
9.60246 0.955684
9.50312 0.944198
9.40381 0.932501
9.30453 0.920563
9.20528 0.908344
9.10607 0.895785
9.00691 0.882815
8.90782 0.869339
8.80882 0.855233
8.70994 0.840331
8.61122 0.82441
8.51272 0.807161
8.41454 0.788154
8.31685 0.766764
8.21995 0.742082
8.12434 0.712752
8.03104 0.676776
7.94191 0.631428
7.86013 0.573878
7.78931 0.503285
7.73035 0.422513
7.67979 0.336235
7.63228 0.24824
7.58378 0.16079
7.53264 0.0748576
7.47902 -0.00955479
7.42195 -0.0916719
7.3587 -0.169125
7.28807 -0.239912
7.21039 -0.302887
7.12674 -0.357686
7.03836 -0.404483
6.9464 -0.443756
6.85179 -0.476133
6.75527 -0.502305
6.65743 -0.522972
6.55869 -0.538815
6.45938 -0.550477
6.3597 -0.558552
6.25983 -0.563578
6.15986 -0.566033
6.05986 -0.566335
5.95987 -0.564846
5.85991 -0.561871
5.76 -0.557671
5.66014 -0.552462
5.56032 -0.546422
5.46055 -0.539699
5.36081 -0.532416
5.26111 -0.52467
5.16144 -0.516543
5.0618 -0.508101
4.96218 -0.499398
4.86258 -0.490477
4.76299 -0.481374
4.66342 -0.472119
4.56386 -0.462736
4.46432 -0.453244
4.36478 -0.44366
4.26524 -0.433999
4.16572 -0.42427
4.0662 -0.414483
3.96668 -0.404647
3.86717 -0.394767
3.76767 -0.384851
3.66816 -0.374901
3.56866 -0.364923
3.46916 -0.354919
3.36967 -0.344893
3.27017 -0.334848
3.17068 -0.324785
3.07119 -0.314706
2.9717 -0.304613
2.87221 -0.294507
2.77272 -0.284391
2.67324 -0.274263
2.57375 -0.264127
2.47427 -0.253982
2.37479 -0.243829
2.2753 -0.233669
2.17582 -0.223502
2.07634 -0.213329
1.97686 -0.203151
1.87738 -0.192967
1.7779 -0.182779
1.67842 -0.172586
1.57894 -0.162388
1.47946 -0.152187
1.37999 -0.141981
1.28051 -0.131772
1.18103 -0.12156
1.08156 -0.111344
0.982079 -0.101124
0.882603 -0.0909013
0.783127 -0.0806752
0.683651 -0.0704457
0.584176 -0.0602129
0.484702 -0.0499764
0.385227 -0.0397361
0.285754 -0.0294914
0.18628 -0.0192415
0.0868077 -0.00898429
-0.0126635 0.0012868
-0.0126478 0.00143938
0.0867254 -0.00972521
0.0867203 -0.00975602
-0.0126575 0.00138227
-0.0126273 0.00165505
0.0865535 -0.0110786
0.086542 -0.0111272
-0.0126492 0.00156503
-0.0125985 0.0019681
0.0862521 -0.0130753
0.0862304 -0.013143
-0.0126404 0.00184293
-0.0125589 0.00239024
0.0857565 -0.0157727
0.085719 -0.0158608
-0.0126315 0.0022275
-0.0125038 0.00293617
0.0849721 -0.0192316
0.0849112 -0.0193412
-0.0126218 0.00273423
-0.0124249 0.00362295
0.0837687 -0.0234999
0.0836738 -0.0236311
-0.0126085 0.00338233
-0.0123103 0.00446848
0.081979 -0.0285871
0.081837 -0.0287379
-0.0125848 0.00419406
-0.0121431 0.00548904
0.0794105 -0.0344305
0.0792058 -0.0345956
-0.012538 0.00519239
-0.0119007 0.00669528
0.0758753 -0.0408612
0.0755919 -0.0410309
-0.0124459 0.00639643
-0.0115557 0.00808741
0.0712425 -0.0475896
0.0708665 -0.0477503
-0.0122755 0.00781419
-0.0110772 0.00965035
0.0654944 -0.0542314
0.0650174 -0.0543675
-0.0119846 0.00943447
-0.0104358 0.0113513
0.0587599 -0.060379
0.05818 -0.0604758
-0.0115296 0.011222
-0.00960866 0.0131411
0.0512971 -0.0656913
0.0506179 -0.0657372
-0.0108762 0.0131201
-0.00858579 0.0149609
0.043434 -0.0699564
0.042662 -0.0699442
-0.0100084 0.0150606
-0.00737282 0.0167514
0.0354973 -0.0731067
0.0346396 -0.0730321
-0.00893112 0.0169767
-0.00599004 0.0184607
0.0277613 -0.0751907
0.026824 -0.0750513
-0.00766676 0.0188124
-0.00446817 0.0200504
0.0204258 -0.0763298
0.019414 -0.0761238
-0.00624897 0.0205272
-0.00284292 0.0214965
0.0136167 -0.0766786
0.0125347 -0.0764043
-0.00471589 0.0220965
-0.00115035 0.0227879
0.00739888 -0.0763964
0.00625057 -0.0760521
-0.00310524 0.0235093
0.000576451 0.0239242
0.00179148 -0.0756304
0.000580565 -0.0752145
-0.00145122 0.0247648
0.00230905 0.0249121
-0.00321716 -0.0745086
-0.00448697 -0.0740198
0.000216969 0.0258695
0.00402428 0.0257628
-0.00765798 -0.073137
-0.008983 -0.0725745
0.00187557 0.0268342
0.00570415 0.0264903
-0.0115726 -0.071601
-0.0129493 -0.0709645
0.00350601 0.0276723
0.00733526 0.0271094
-0.0150076 -0.0699678
-0.0164323 -0.0692574
0.00509431 0.0283982
0.00890818 0.0276349
-0.0180103 -0.0682888
-0.0194798 -0.0675051
0.00663042 0.0290261
0.0104167 0.0280808
-0.0206268 -0.0666029
-0.0221379 -0.0657468
0.00810752 0.0295696
0.0118571 0.02846
-0.0229 -0.0649385
-0.0244499 -0.0640115
0.00952132 0.0300414
0.0132278 0.0287841
-0.0248696 -0.0633161
-0.0264558 -0.06232
0.0108695 0.0304529
0.0145285 0.0290634
-0.0265714 -0.0617501
-0.0281917 -0.0606868
0.0121514 0.0308142
0.0157601 0.0293067
-0.0280375 -0.0602499
-0.0296899 -0.0591214
0.0133674 0.0311342
0.0169244 0.0295218
-0.0292964 -0.0588211
-0.0309791 -0.0576298
0.0145186 0.0314205
0.0180236 0.0297151
-0.0303733 -0.0574667
-0.0320849 -0.056215
0.0156069 0.0316798
0.0190602 0.0298921
-0.0312904 -0.0561877
-0.0330296 -0.0548779
0.0166346 0.0319177
0.0200371 0.0300574
-0.0320672 -0.0549834
-0.0338329 -0.053618
0.017604 0.0321389
0.0209572 0.0302148
-0.0327208 -0.0538521
-0.0345121 -0.0524335
0.0185179 0.0323474
0.0218233 0.0303675
-0.0332662 -0.0527915
-0.0350824 -0.0513221
0.019379 0.0325466
0.0226385 0.0305178
-0.0337166 -0.0517986
-0.0355571 -0.0502807
0.0201898 0.032739
0.0234055 0.0306678
-0.0340835 -0.05087
-0.0359478 -0.0493061
0.0209533 0.0329269
0.024127 0.0308191
-0.0343771 -0.0500024
-0.0362648 -0.0483946
0.0216718 0.0331121
0.0248057 0.0309728
-0.0346063 -0.0491922
-0.0365171 -0.0475428
0.0223481 0.0332959
0.0254442 0.0311297
-0.034779 -0.0484359
-0.0367124 -0.0467469
0.0229845 0.0334795
0.0260448 0.0312905
-0.034902 -0.04773
-0.0368579 -0.0460036
0.0235834 0.0336636
0.0266098 0.0314556
-0.0349815 -0.0470712
-0.0369596 -0.0453093
0.0241469 0.0338488
0.0271413 0.0316252
-0.0350228 -0.0464561
-0.0370229 -0.0446607
0.0246774 0.0340355
0.0276413 0.0317992
-0.0350307 -0.0458818
-0.0370526 -0.0440546
0.0251766 0.0342239
0.0281119 0.0319777
-0.0350095 -0.0453453
-0.0370529 -0.0434881
0.0256467 0.0344141
0.0285548 0.0321604
-0.0349628 -0.0448437
-0.0370277 -0.0429583
0.0260893 0.0346062
0.0289717 0.0323471
-0.0348942 -0.0443745
-0.0369801 -0.0424625
0.0265063 0.0347999
0.0293642 0.0325375
-0.0348064 -0.0439351
-0.0369133 -0.0419981
0.0268992 0.0349952
0.029734 0.0327312
-0.0347023 -0.0435234
-0.0368298 -0.0415628
0.0272696 0.0351918
0.0300824 0.0329278
-0.0345841 -0.043137
-0.036732 -0.0411543
0.027619 0.0353895
0.0304108 0.0331268
-0.0344541 -0.0427741
-0.036622 -0.0407707
0.0279488 0.0355878
0.0307205 0.0333278
-0.0343141 -0.0424327
-0.0365016 -0.0404098
0.0282602 0.0357866
0.0310127 0.0335303
-0.0341658 -0.0421112
-0.0363727 -0.0400701
0.0285546 0.0359855
0.0312887 0.0337339
-0.0340107 -0.0418078
-0.0362366 -0.0397497
0.0288331 0.036184
0.0315495 0.0339381
-0.0338504 -0.041521
-0.0360948 -0.0394471
0.0290969 0.0363819
0.0317961 0.0341425
-0.033686 -0.0412496
-0.0359485 -0.0391609
0.029347 0.0365788
0.0320297 0.0343465
-0.0335186 -0.0409922
-0.0357987 -0.0388897
0.0295845 0.0367743
0.032251 0.0345498
-0.0333493 -0.0407476
-0.0356465 -0.0386323
0.0298102 0.0369681
0.0324611 0.0347519
-0.0331789 -0.0405147
-0.0354927 -0.0383876
0.0300251 0.0371599
0.0326608 0.0349524
-0.0330083 -0.0402926
-0.0353381 -0.0381545
0.0302301 0.0373492
0.0328508 0.0351509
-0.0328383 -0.0400802
-0.0351835 -0.0379319
0.030426 0.0375359
0.033032 0.0353471
-0.0326694 -0.0398767
-0.0350295 -0.0377191
0.0306136 0.0377195
0.033205 0.0355406
-0.0325024 -0.0396813
-0.0348766 -0.0375152
0.0307935 0.0378999
0.0333707 0.035731
-0.0323376 -0.0394933
-0.0347254 -0.0373193
0.0309666 0.0380767
0.0335295 0.0359181
-0.0321757 -0.0393121
-0.0345763 -0.0371309
0.0311334 0.0382497
0.0336823 0.0361016
-0.032017 -0.0391369
-0.0344298 -0.0369491
0.0312946 0.0384187
0.0338294 0.0362811
-0.0318619 -0.0389672
-0.0342862 -0.0367735
0.0314507 0.0385835
0.0339716 0.0364566
-0.0317108 -0.0388025
-0.0341458 -0.0366034
0.0316023 0.0387437
0.0341092 0.0366276
-0.0315639 -0.0386424
-0.0340089 -0.0364384
0.0317488 0.0388982
0.0342409 0.0367916
-0.0314247 -0.0384897
-0.0338797 -0.0362829
0.0318853 0.0390406
0.0343605 0.0369405
-0.0313018 -0.038353
-0.0337672 -0.0361472
0.0320027 0.0391609
0.0344602 0.037064
-0.0312037 -0.0382413
-0.0336792 -0.0360404
0.0320934 0.0392509
0.0345332 0.0371538
-0.0311373 -0.038162
-0.0336215 -0.0359699
0.0321513 0.0393044
0.0345746 0.0372039
-0.0311069 -0.0381204
-0.0335977 -0.0359403
0.0321727 0.0393179
0.0345815 0.0372113
-0.0311146 -0.0381191
-0.0336092 -0.0359538
0.0321561 0.0392908
0.0345532 0.037176
-0.0311594 -0.0381582
-0.0336548 -0.0360095
0.0321027 0.039225
0.0344915 0.0371006
-0.0312382 -0.0382349
-0.0337312 -0.0361036
0.0320162 0.0391252
0.0344006 0.0369904
-0.0313458 -0.038344
-0.0338331 -0.0362299
0.0319027 0.038998
0.0342866 0.0368531
-0.0314749 -0.038478
-0.0339536 -0.0363797
0.0317699 0.0388517
0.0341572 0.0366975
-0.0316168 -0.038627
-0.034084 -0.0365419
0.0316286 0.0386973
0.034023 0.0365362
-0.0317611 -0.0387795
-0.0342151 -0.0367046
0.0314887 0.0385448
0.0338928 0.0363788
-0.0318995 -0.0389258
-0.0343396 -0.0368579
0.0313585 0.0384028
0.0337739 0.0362342
-0.0320243 -0.039057
-0.0344498 -0.0369924
0.0312468 0.0382798
0.0336745 0.0361115
-0.0321275 -0.0391643
-0.0345388 -0.0370991
0.031161 0.0381839
0.0336011 0.036019
-0.0322026 -0.0392404
-0.0346007 -0.0371711
0.031107 0.0381212
0.0335584 0.0359627
-0.0322446 -0.0392804
-0.0346312 -0.0372036
0.0310883 0.0380959
0.0335491 0.0359465
-0.0322508 -0.0392816
-0.0346281 -0.0371948
0.031106 0.0381096
0.0335735 0.0359716
-0.0322207 -0.039244
-0.0345915 -0.0371455
0.031159 0.0381615
0.0336298 0.0360367
-0.0321562 -0.0391702
-0.0345234 -0.0370592
0.0312436 0.0382482
0.0337142 0.0361375
-0.0320616 -0.0390651
-0.0344284 -0.0369417
0.0313544 0.0383639
0.0338211 0.0362674
-0.0319432 -0.0389354
-0.0343127 -0.0368006
0.0314842 0.0385007
0.0339433 0.0364178
-0.0318093 -0.0387894
-0.034184 -0.0366452
0.0316246 0.038649
0.0340726 0.0365778
-0.0316699 -0.0386376
-0.0340523 -0.036487
0.031766 0.0387981
0.0342005 0.0367367
-0.031534 -0.0384888
-0.0339252 -0.0363346
0.0319006 0.038939
0.0343197 0.0368848
-0.0314104 -0.038352
-0.0338111 -0.0361977
0.03202 0.0390622
0.0344226 0.0370122
-0.0313075 -0.0382359
-0.0337176 -0.036085
0.0321168 0.0391595
0.0345025 0.0371107
-0.031232 -0.0381476
-0.0336505 -0.0360039
0.0321849 0.0392247
0.0345545 0.0371741
-0.0311889 -0.0380929
-0.0336142 -0.0359595
0.0322201 0.0392536
0.0345749 0.0371985
-0.0311807 -0.0380751
-0.0336105 -0.0359547
0.0322201 0.0392445
0.0345625 0.0371828
-0.0312079 -0.0380953
-0.0336395 -0.0359899
0.032185 0.0391982
0.0345179 0.0371283
-0.0312684 -0.0381521
-0.033699 -0.0360629
0.0321171 0.0391179
0.0344439 0.0370387
-0.0313584 -0.0382418
-0.0337849 -0.0361691
0.032021 0.0390086
0.0343451 0.0369201
-0.031472 -0.0383584
-0.0338917 -0.0363014
0.0319029 0.0388774
0.0342281 0.0367799
-0.0316023 -0.0384943
-0.0340127 -0.0364515
0.0317706 0.0387323
0.0341003 0.0366269
-0.0317403 -0.0386395
-0.0341384 -0.0366073
0.0316362 0.0385855
0.0339739 0.0364753
-0.0318754 -0.0387823
-0.034261 -0.0367588
0.0315062 0.0384438
0.0338532 0.0363298
-0.0320028 -0.0389167
-0.0343751 -0.0368986
0.0313882 0.0383147
0.0337459 0.0361993
-0.0321148 -0.0390341
-0.0344736 -0.0370179
0.0312899 0.0382059
0.033659 0.0360919
-0.0322047 -0.0391269
-0.0345504 -0.0371091
0.0312175 0.0381243
0.0335977 0.0360143
-0.0322668 -0.0391892
-0.0346007 -0.0371667
0.0311756 0.0380748
0.0335658 0.0359715
-0.0322975 -0.0392171
-0.034621 -0.0371871
0.0311669 0.0380604
0.0335651 0.0359663
-0.0322946 -0.0392089
-0.0346101 -0.0371693
0.0311919 0.0380823
0.0335955 0.0359993
-0.0322584 -0.0391652
-0.0345684 -0.0371147
0.0312488 0.038139
0.0336549 0.0360684
-0.0321911 -0.0390888
-0.0344982 -0.0370267
0.0313342 0.0382268
0.0337393 0.0361695
-0.0320969 -0.0389844
-0.034404 -0.0369111
0.0314428 0.0383403
0.0338436 0.0362963
-0.0319819 -0.0388585
-0.0342917 -0.036775
0.0315679 0.0384722
0.0339611 0.0364406
-0.0318537 -0.0387187
-0.0341685 -0.0366269
0.0317018 0.0386135
0.0340841 0.0365927
-0.0317215 -0.0385746
-0.0340434 -0.0364772
0.0318356 0.0387545
0.0342052 0.0367428
-0.0315932 -0.038434
-0.0339231 -0.0363337
0.0319626 0.0388872
0.0343177 0.0368822
-0.0314769 -0.038305
-0.0338154 -0.036205
0.0320752 0.0390032
0.0344147 0.0370022
-0.0313799 -0.0381954
-0.0337268 -0.0360989
0.0321668 0.0390951
0.0344904 0.0370954
-0.0313084 -0.0381117
-0.0336628 -0.036022
0.0322318 0.0391573
0.0345402 0.0371562
-0.0312667 -0.0380589
-0.0336271 -0.0359789
0.0322664 0.039186
0.0345609 0.0371812
-0.0312572 -0.0380401
-0.0336217 -0.0359723
0.0322686 0.0391797
0.0345512 0.0371692
-0.0312805 -0.0380565
-0.0336465 -0.0360026
0.0322383 0.0391389
0.0345116 0.0371211
-0.0313348 -0.0381068
-0.0336999 -0.0360681
0.0321774 0.0390663
0.0344443 0.0370403
-0.0314167 -0.038188
-0.0337782 -0.0361647
0.0320898 0.0389662
0.0343536 0.0369317
-0.0315214 -0.038295
-0.0338768 -0.0362866
0.0319809 0.0388448
0.0342449 0.0368021
-0.0316426 -0.038421
-0.0339896 -0.0364263
0.0318577 0.0387091
0.0341249 0.0366591
-0.0317726 -0.0385575
-0.0341085 -0.0365734
0.0317301 0.0385696
0.0340039 0.0365148
-0.0319021 -0.0386942
-0.0342265 -0.036719
0.0316047 0.0384328
0.0338865 0.036374
-0.0320262 -0.0388252
-0.0343383 -0.036856
0.0314883 0.0383056
0.0337797 0.0362449
-0.032138 -0.0389426
-0.0344373 -0.0369762
0.0313883 0.0381953
0.03369 0.0361352
-0.0322309 -0.0390391
-0.0345179 -0.0370724
0.0313106 0.0381083
0.0336226 0.0360513
-0.0322997 -0.0391089
-0.034575 -0.0371389
0.03126 0.0380498
0.0335817 0.0359982
-0.0323402 -0.0391478
-0.0346054 -0.0371719
0.0312395 0.0380232
0.0335693 0.0359793
-0.0323502 -0.0391537
-0.0346069 -0.0371696
0.0312503 0.03803
0.0335862 0.0359958
-0.0323289 -0.039126
-0.0345793 -0.0371323
0.0312916 0.0380699
0.0336309 0.0360469
-0.0322775 -0.0390667
-0.0345241 -0.0370625
0.0313611 0.0381405
0.0337009 0.0361297
-0.0321993 -0.0389792
-0.0344445 -0.0369643
0.0314545 0.0382376
0.0337918 0.0362392
-0.0320988 -0.0388685
-0.0343452 -0.0368438
0.0315665 0.0383552
0.0338982 0.0363689
-0.0319823 -0.0387413
-0.0342321 -0.0367079
0.0316907 0.0384862
0.0340139 0.0365112
-0.031857 -0.0386046
-0.0341121 -0.0365646
0.0318195 0.038622
0.0341312 0.0366561
-0.0317322 -0.0384682
-0.0339944 -0.0364246
0.0319445 0.0387532
0.0342435 0.0367949
-0.0316146 -0.0383385
-0.0338842 -0.0362936
0.0320603 0.0388735
0.0343452 0.0369208
-0.0315106 -0.0382224
-0.0337879 -0.036179
0.0321604 0.0389758
0.0344306 0.0370261
-0.0314266 -0.0381265
-0.0337112 -0.0360876
0.0322392 0.0390539
0.0344946 0.0371049
-0.0313676 -0.0380561
-0.0336584 -0.0360246
0.0322923 0.0391034
0.0345337 0.0371526
-0.0313369 -0.0380153
-0.0336325 -0.0359936
0.0323167 0.0391214
0.0345454 0.0371669
-0.0313362 -0.0380062
-0.0336347 -0.0359966
0.032311 0.0391071
0.0345291 0.0371472
-0.0313654 -0.0380294
-0.0336645 -0.0360333
0.0322757 0.0390614
0.0344854 0.0370949
-0.0314226 -0.0380835
-0.0337201 -0.0361016
0.0322128 0.0389871
0.034417 0.0370132
-0.0315045 -0.0381651
-0.033798 -0.0361977
0.0321262 0.0388885
0.0343277 0.0369071
-0.0316064 -0.0382695
-0.0338937 -0.0363159
0.0320209 0.0387712
0.0342228 0.0367825
-0.0317227 -0.0383905
-0.0340017 -0.0364495
0.0319033 0.0386417
0.0341082 0.0366466
-0.0318461 -0.0385201
-0.0341145 -0.0365887
0.0317827 0.0385098
0.0339938 0.0365106
-0.0319682 -0.0386489
-0.0342259 -0.0367257
0.0316648 0.038381
0.0338831 0.0363784
-0.032085 -0.0387721
-0.0343311 -0.0368544
0.0315554 0.0382613
0.0337824 0.0362572
-0.0321902 -0.0388825
-0.0344245 -0.0369675
0.0314611 0.0381573
0.0336975 0.0361539
-0.0322781 -0.0389737
-0.0345009 -0.0370586
0.0313873 0.0380747
0.0336331 0.0360741
-0.0323438 -0.0390406
-0.0345558 -0.0371226
0.0313383 0.0380181
0.0335928 0.0360225
-0.0323839 -0.0390793
-0.0345863 -0.0371561
0.0313166 0.0379905
0.0335787 0.036002
-0.0323959 -0.0390877
-0.0345903 -0.0371573
0.0313237 0.0379937
0.0335914 0.0360139
-0.0323793 -0.0390653
-0.0345676 -0.0371263
0.031359 0.0380273
0.0336301 0.0360576
-0.0323348 -0.0390136
-0.0345192 -0.0370651
0.0314204 0.0380895
0.0336924 0.036131
-0.0322652 -0.0389353
-0.0344477 -0.0369772
0.0315047 0.0381767
0.0337747 0.0362297
-0.0321742 -0.0388349
-0.0343573 -0.0368676
0.0316071 0.038284
0.0338724 0.0363484
-0.0320673 -0.0387178
-0.0342528 -0.0367424
0.0317221 0.0384051
0.0339801 0.0364802
-0.0319506 -0.0385904
-0.0341404 -0.0366085
0.031843 0.0385326
0.0340909 0.0366167
-0.0318325 -0.0384612
-0.0340282 -0.0364755
0.0319624 0.0386581
0.0341989 0.03675
-0.0317187 -0.038336
-0.0339208 -0.0363484
0.0320754 0.0387759
0.0342991 0.0368738
-0.0316154 -0.0382211
-0.0338243 -0.0362342
0.032176 0.0388793
0.0343861 0.0369811
-0.0315284 -0.0381226
-0.0337439 -0.0361391
0.0322589 0.0389625
0.0344551 0.037066
-0.0314627 -0.0380458
-0.0336842 -0.0360683
0.0323197 0.0390209
0.0345023 0.037124
-0.0314219 -0.0379947
-0.0336481 -0.0360256
0.0323551 0.0390514
0.0345252 0.0371522
-0.0314082 -0.0379721
-0.0336375 -0.0360134
0.0323633 0.0390524
0.0345224 0.0371491
-0.031422 -0.0379792
-0.0336527 -0.0360325
0.032344 0.0390239
0.034494 0.0371154
-0.0314626 -0.0380153
-0.0336926 -0.0360817
0.0322982 0.0389677
0.0344415 0.037053
-0.0315277 -0.0380786
-0.0337549 -0.0361584
0.0322286 0.0388869
0.0343676 0.0369655
-0.0316137 -0.0381653
-0.0338361 -0.0362585
0.032139 0.0387859
0.0342765 0.0368579
-0.0317159 -0.0382707
-0.0339317 -0.0363764
0.0320346 0.03867
0.0341731 0.0367357
-0.0318291 -0.0383889
-0.0340365 -0.0365057
0.0319213 0.0385454
0.0340632 0.0366059
-0.0319464 -0.0385122
-0.0341433 -0.0366372
0.0318079 0.0384213
0.033956 0.0364788
-0.0320602 -0.0386322
-0.0342468 -0.0367641
0.031699 0.0383022
0.0338539 0.0363573
-0.0321674 -0.038745
-0.0343432 -0.0368814
0.0315997 0.0381931
0.0337625 0.0362476
-0.0322625 -0.0388446
-0.0344274 -0.0369829
0.0315155 0.0380999
0.0336867 0.0361555
-0.0323406 -0.0389254
-0.034495 -0.0370632
0.0314508 0.0380272
0.0336305 0.0360859
-0.0323978 -0.0389832
-0.0345424 -0.0371181
0.0314093 0.0379788
0.0335967 0.0360425
-0.0324311 -0.0390149
-0.0345671 -0.0371448
0.0313931 0.0379573
0.033587 0.0360278
-0.0324386 -0.0390188
-0.0345674 -0.037142
0.031403 0.0379638
0.0336017 0.0360425
-0.0324201 -0.0389947
-0.0345434 -0.0371101
0.0314385 0.037998
0.03364 0.0360862
-0.0323764 -0.0389441
-0.0344962 -0.0370509
0.0314977 0.038058
0.0336997 0.0361564
-0.03231 -0.0388694
-0.0344281 -0.0369676
0.0315774 0.0381406
0.0337775 0.0362497
-0.0322243 -0.0387748
-0.0343427 -0.0368647
0.0316736 0.0382413
0.0338692 0.0363609
-0.0321242 -0.0386649
-0.0342446 -0.0367476
0.0317814 0.0383547
0.0339702 0.0364843
-0.032015 -0.0385456
-0.0341391 -0.0366225
0.0318948 0.0384743
0.0340745 0.0366124
-0.0319039 -0.0384239
-0.034033 -0.0364973
0.0320076 0.0385927
0.0341767 0.0367384
-0.0317962 -0.0383053
-0.0339308 -0.0363769
0.0321151 0.0387048
0.0342724 0.0368563
-0.0316973 -0.0381954
-0.0338379 -0.0362675
0.0322119 0.0388045
0.0343565 0.0369601
-0.0316127 -0.0380997
-0.0337591 -0.0361748
0.0322932 0.0388865
0.0344249 0.0370442
-0.0315469 -0.0380231
-0.0336985 -0.0361035
0.032355 0.0389465
0.034474 0.0371046
-0.0315031 -0.0379694
-0.0336591 -0.0360572
0.0323942 0.0389815
0.0345011 0.0371382
-0.0314837 -0.0379412
-0.0336427 -0.0360384
0.0324089 0.0389898
0.034505 0.0371435
-0.0314896 -0.0379399
-0.0336499 -0.036048
0.0323984 0.0389711
0.0344853 0.0371205
-0.0315202 -0.0379655
-0.0336802 -0.0360856
0.0323632 0.0389263
0.0344429 0.0370706
-0.031574 -0.0380167
-0.0337318 -0.0361492
0.0323054 0.038858
0.0343801 0.0369966
-0.0316481 -0.0380905
-0.033802 -0.0362356
0.0322279 0.0387697
0.0342999 0.0369023
-0.0317388 -0.0381833
-0.033887 -0.0363404
0.0321348 0.0386656
0.0342066 0.0367926
-0.0318417 -0.0382901
-0.0339826 -0.0364582
0.0320312 0.0385511
0.0341048 0.036673
-0.0319509 -0.0384045
-0.0340827 -0.0365813
0.0319246 0.0384339
0.0340027 0.0365527
-0.0320597 -0.038519
-0.0341821 -0.0367033
0.0318193 0.0383186
0.0339029 0.0364347
-0.0321649 -0.0386298
-0.0342774 -0.0368195
0.03172 0.0382098
0.0338102 0.0363244
-0.0322616 -0.0387315
-0.0343641 -0.0369245
0.0316318 0.0381125
0.0337293 0.0362273
-0.0323454 -0.0388189
-0.0344379 -0.0370128
0.031559 0.0380314
0.0336642 0.0361482
-0.0324122 -0.0388875
-0.0344951 -0.0370802
0.0315055 0.0379706
0.0336181 0.036091
-0.0324587 -0.0389339
-0.0345329 -0.0371234
0.031474 0.037933
0.0335932 0.0360586
-0.0324827 -0.0389557
-0.0345493 -0.0371403
0.0314659 0.0379205
0.0335906 0.0360527
-0.032483 -0.038952
-0.0345433 -0.0371302
0.0314817 0.0379336
0.0336102 0.0360738
-0.0324595 -0.0389229
-0.0345151 -0.0370939
0.0315206 0.0379716
0.0336511 0.0361208
-0.0324134 -0.03887
-0.034466 -0.0370331
0.0315806 0.0380328
0.0337109 0.0361915
-0.0323471 -0.0387957
-0.0343984 -0.0369511
0.0316587 0.038114
0.0337868 0.0362825
-0.032264 -0.0387038
-0.0343156 -0.036852
0.0317513 0.038211
0.0338749 0.0363892
-0.0321683 -0.0385988
